bestN =

    0.0008    0.1024    0.1024    0.0032


bestG =

    0.0759    0.0759    0.0225    0.0100


std_list =

    1.5000    1.3000    1.5000    2.0000
    2.8000    3.0000    1.6000    1.9000
    2.9000    1.8000    1.4000    1.8000
    1.5000    2.6000    1.4000    1.9000
    1.5000    2.6000    1.2000    1.9000
    1.4000    2.6000    1.2000    2.0000