bestN =

    0.0008    0.0064    0.0008    0.0064


bestG =

    0.0225    0.0100    0.0506    0.0100


std_list =

    1.9000    2.3000    2.2000    2.4000
    2.2000    3.0000    3.0000    2.7000
    2.6000    3.0000    3.0000    2.0000
    3.0000    2.5000    3.0000    1.8000
    2.0000    2.5000    2.1000    2.4000
    2.0000    2.5000    2.1000    2.3000
-----
params = \
{\
    0:[[0.0008, 0.0225], [0.0064, 0.0100], [0.0008, 0.0506], [0.0064,0.0100]],\
    1:[[0.0064, 0.0100], [0.0008, 0.0100], [0.2048, 0.0338], [0.0016,0.0225]]\
}
en_params = \
{\
    0:[[1.9,2.3,2.2,2.4],[2.2,3,3,2.7],[2.6,3,3,2],[3,2.5,3,1.8],[2,2.5,2.1,2.4],[2,2.5,2.1,2.3]],\
    1:[[2.3,3,1.7,2.1],[3,3,1.9,2.3],[1.3,2.2,1.7,1.4],[2.6,3,1.8,2],[1.5,3,1.8,2.3],[3,3,3,1.2]]\
}