bestN =

    0.0512    0.2048    0.0128    0.0512


bestG =

    0.0225    0.0225    0.0338    0.0225


std_list =

    1.7000    1.4000    2.3000    1.6000
    1.8000    2.9000    1.5000    2.5000
    2.1000    2.9000    1.9000    2.2000
    3.0000    3.0000    3.0000    1.9000
    2.0000    3.0000    1.9000    2.4000
    2.0000    3.0000    1.9000    2.1000

------
params = \
{\
    0:[[0.0512, 0.0225], [0.2048, 0.0225], [0.0128, 0.0338], [0.0512,0.0225]],\
    1:[[0.0064, 0.0100], [0.0008, 0.0100], [0.2048, 0.0338], [0.0016,0.0225]]\
}
en_params = \
{\
    0:[[1.7,1.4,2.3,1.6],[1.8,2.9,1.5,2.5],[2.1,2.9,1.9,2.2],[3,3,3,1.9],[2,3,1.9,2.4],[2,3,1.9,2.1]],\
    1:[[2.3,3,1.7,2.1],[3,3,1.9,2.3],[1.3,2.2,1.7,1.4],[2.6,3,1.8,2],[1.5,3,1.8,2.3],[3,3,3,1.2]]\
}
